11
3
64
2
81
1
1
91
0
59
2
76
0
0
43
1
62
1
73
3
0
45
2
95
2
52
3
0
44
1
30
0
96
2
1
78
3
96
1
92
0
2
20
0
44
3
98
3
0
23
2
12
0
24
3
1
28
2
85
1
84
3
2
80
1
11
2
73
0
2
17
0
28
1
52
0
1
2
3
21
1
94
1
0
70
1
24
3
3
1
1
87
0
57
0
38
0
1
63
0
18
0
96
2
0
49
3
21
3
2
3
1
96
0
27
3
73
3
1
77
1
98
0
41
3
0
79
3
23
2
8
1
2
56
0
43
1
59
1
1
61
0
38
2
40
1
0
14
0
3
3
33
1
1
75
0
0
2
39
3
2
47
0
27
0
56
3
0
15
0
70
1
52
0
2
92
1
24
2
98
3
2
31
0
13
2
44
1
0
83
0
18
3
56
1
1
13
0
0
0
60
3
2
64
3
4
1
13
0
2
63
3
21
2
91
2
1
35
3
22
3
91
0
2
47
1
45
0
62
1
0
22
0
6
3
56
3
0
21
3
67
0
99
0
0
90
2
87
2
77
1
1
68
1
3
0
47
0
0
9
1
77
3
18
0
1
26
3
70
3
34
2
0
33
2
17
0
5
1
1
82
2
3
3
76
2
2
23
2
55
0
55
1
0
25
1
38
3
64
0
2
98
2
37
0
29
3
0
34
0
14
0
34
1
0
10
3
94
1
37
2
1
92
3
85
2
56
3
2
20
3
24
2
86
1
2
15
0
66
1
84
0
2
71
1
93
1
80
3
1
-1