17 16 28 37
52 72 52 2
31 21 25 94
33 46 70 93
24 51 3 9
76 87 76 57
20 38 20 82
63 80 18 80
96 46 69 49
19 21 51 2
43 29 96 28
27 19 73 51
22 77 13 98
16 41 7 88
79 27 23 94
8 41 74 56
88 43 5 59
17 9 61 12
38 10 40 17
81 14 68 3
43 33 53 11
75 60 0 6
39 23 1 47
16 27 4 56
23 61 15 40
70 29 52 60
91 92 77 24
58 98 79 1
31 32 13 58
44 65 17 83
40 18 83 56
97 39 13 20
0 80 60 23
61 64 35 4
9 13 28 67
63 7 21 46
91 86 5 35
51 22 71 91
92 54 47 89
45 12 62 97
93 22 20 6
39 56 11 48
21 39 67 36
99 88 82 90
74 87 26 77
61 49 68 5
3 68 47 0
32 9 97 77
31 18 84 22
26 95 70 99
34 38 35 33
78 17 76 5
57 54 82 18
3 3 76 58
23 23 58 55
32 55 33 15
25 17 38 51
64 60 2 98
50 37 84 29
7 60 34 64
14 68 34 69
71 10 27 94
85 37 2 17
92 87 85 18
56 23 21 20
35 24 18 86
13 54 15 20
66 1 84 32
69 71 1 93
33 80 39 19
17 41 88 10
28 73 80 84
48 1 56 84
77 75 70 91
81 85 11 48
38 48 80 7
19 34 0 4
14 92 23 32
33 12 42 14
85 74 50 86
75 7 70 53
34 40 44 15
77 7 63 15
7 96 74 78
30 27 83 44
19 6 28 4
18 22 18 56
96 69 42 24
76 64 77 62
56 73 77 33
32 93 0 40
41 26 18 71
53 1 67 24
8 96 29 78
70 99 86 67
68 80 91 96
44 20 10 52
45 88 85 77
33 37 17 74
16 88 45 21
